8377
9137
2546
3599
6716
0218
1411
9258
6265
4927
5748
2389
0950
1683
0040
2998
2537
5650
4997
2763
6148
8328
3695
6849
3869
4299
1864
6273
4212
5419
1147
9963
7322
5217
1717
0905
1277
6967
0150
0248
5701
9281
9080
0951
1398
3554
6057
3958
7607
8988
9799
6418
8062
6273
3206
2659
2571
4594
3840
3582
6443
7160
4666
3166
7372
9662
5028
6013
5562
7231
9083
1499
7616
3799
8275
2998
4512
8448
4216
7164
8712
4113
3996
8843
3662
1016
3230
4952
6741
8652
5483
2376
9381
4077
2187
0497
2480
0336
8100
4764
1555
5338
4165
6528
0091
4282
3838
6027
6832
1616
7724
3423
5150
3337
2659
6863
6058
6654
3786
1006
1675
0032
6813
6863
8115
8691
3785
7929
5945
9785
6993
8567
7726
4178
8646
5651
5075
8514
5083
6414
2407
5854
4900
6522
6974
4899
8735
2494
8914
7792
7934
5561
4369
2681
3165
6505
5203
0967
8914
4769
1283
8742
9186
7912
1261
1290
1146
9160
3442
2951
0487
3905
2663
8630
7866
9372
8150
1121
5089
0942
5154
8955
7226
5093
2543
6642
7327
2608
8636
5822
0586
5897
3300
0427
8540
1490
0276
0981
4770
5779
0791
2280
7219
7098
3644
6361
0316
1852
6539
7105
3241
3406
1407
7698
0051
9135
6754
8592
7330
8379
8876
5655
6075
1117
8716
3181
4212
6925
7912
5682
6688
7056
7720
8113
4361
3861
8733
3250
9486
4422
2531
7441
8121
0928
6610
9718
2956
4887
4181
6335
4674
5021
6426
2354
3008
8952
1348
6731
4169
1818
3345
7990
0088
0412
7604
4468
5286
0943
3991
9819
9089
5012
6270
7382
5696
6409
3902
8217
3068
0816
1968
2518
2148
5489
3911
2396
3653
5606
6658
2674
7133
6120
1423
7101
7552
2588
2474
0498
6222
4435
8596
6973
5367
8550
9350
7594
7172
5084
5711
7952
2101
7626
9777
3610
7833
8183
9957
9101
3020
6475
2435
0468
3921
1150
0179
2715
8454
8301
7378
8361
3935
0951
0313
1289
6435
8375
7435
8072
0070
9210
6237
5262
7075
3401
9467
5395
4754
0746
0835
0077
0534
0459
8273
6790
4544
2902
7488
5655
1991
3512
7864
5559
0043
9567
9455
1102
0043
5663
4270
7308
3413
9709
2543
7567
5111
7742
9227
5359
7627
4376
9206
8633
7554
2962
2998
2470
1086
3632
9387
9216
7610
5828
7160
6408
4948
5714
0020
2370
9905
7235
4950
3698
6361
1862
8820
2011
9166
4918
9793
4810
2824
6964
8950
9618
8842
8617
4118
9292
1168
1339
2891
5194
0478
0865
9739
0222
4905
2344
2468
6526
0041
9069
8998
2106
0122
4677
1357
9839
8708
8777
7669
7768
8812
5806
1541
4702
5114
9816
4762
4312
1257
1542
1835
5481
6955
7612
4859
1613
9700
3534
4700
2818
7645
3578
4375
0989
7900
4359
0592
4011
7561
1495
7707
6873
8743
0921
5149
2510
0811
2160
8785
6694
3474
3069
1094
5046
8681
7516
2028
6120
5049
0192
1867
9148
7295
7129
2488
6192
1422
5156
0140
3880
0857
0773
2518
6118
5300
5576
7160
9510
4785
5587
1068
1766
1776
3421
5915
5360
0455
9321
3994
6517
3846
3779
7942
3123
5895
1265
1508
1154
0013
7834
8871
9044
8390
5557
1552
7177
1819
6445
2162
2161
5511
1782
2450
5286
0057
4937
1994
1657
2783
4767
1276
5536
5840
8780
7848
4056
7402
1793
9694
2318
2580
2719
6570
5373
7859
5525
2204
5137
6288
9975
5561
9446
2068
5837
1427
5542
7307
3828
4993
3406
5650
5986
3138
6804
2115
0444
3477
8744
4959
8361
4001
9151
2672
1165
5424
2686
5363
7352
3532
6849
5226
3919
3446
0326
7904
2566
1997
8373
5909
9282
6397
6233
1484
9400
4982
3568
5684
8775
0627
9600
0840
3518
4907
5760
4453
2382
9199
7098
9482
9904
8114
9853
2065
3583
6723
8227
7007
9118
2222
0853
8282
7663
4973
2919
0160
2785
0171
9358
5412
1866
7499
4094
1644
3304
5765
0246
6588
3541
0314
4196
7401
8153
8289
4261
8592
0341
7551
6574
0858
9118
3088
2401
9930
3721
3720
3043
9918
0374
3536
0380
3117
9382
1035
1780
7098
4627
2642
9233
4503
8860
9950
7414
4028
6569
1121
4548
1429
2992
9526
9413
4421
0902
0334
9830
3606
6085
5124
5480
8019
0210
6555
3956
6522
5171
2057
4373
4925
2358
8132
1887
4190
2714
7621
0055
9701
1699
8329
2176
2675
4802
5336
3823
6247
9477
8970
0473
1495
3079
3156
0797
0440
9277
1582
9561
9573
5528
7758
5556
0060
2483
9669
1201
8744
3730
4980
4465
4256
6405
0642
9548
3926
6670
5510
9754
9106
5025
7787
3256
1837
4080
6905
6506
7032
1589
3666
9220
1585
6652
5682
1898
8210
8991
6585
8059
6352
0155
7389
1789
9997
9995
4703
8625
0780
8365
6447
1371
2691
5870
6844
4605
4852
1287
7359
6208
9905
8765
5000
6050
8139
4171
5201
5004
0099
8554
5552
5024
2646
7282
4849
9440
5303
9584
0376
4017
6534
7162
0129
5600
0049
5346
7131
1587
0218
4814
9345
0460
4100
4471
6137
6157
4658
5725
1702
1636
8372
8444
6712
9793
4519
3444
1563
2990
3731
1758
5704
4079
6989
4346
8190
0914
6458
1166
9614
7934
8132
4893
9840
7544
9920
1870
5843
8776
9194
9879
7195
6496
4275
1457
3002
8887
9819
7984
0807
2036
2124
6710
8226
0030
9506
4915
7230
2775
8994
7145
3724
8647
1546
4612
8531
2060
0557
7030
7545
1932
5899
4123
6648
6097
6543
5743
3994
8274
0635
7684
2229
3260
7143
8862
7566
8408
0448
1223
5539
7094
1370
2429
9868
3763
1122
3569
0088
0821
2014
4444
3026
7909
0224
8938
9269
0912
9374
7191
2170
1701
0268
1071
2403
3263
5383
5747
9280
0820
1892
8731
1455
7192
5860
5185
3653
5746
6494
2364
8195
3988
7493
5789
4429
2768
1533
8976
1714
7934
4289
9784
1133
8920
5543
5207
0117
1525
7057
8410
6545
5650
2047
2443
6607
2239
3872
2928
5631
2924
0622
1757
4656
9863
6459
3889
